995
99
99
99
99
99
99
99
99
99
99
984
98
98
98
98
98
98
98
98
98
98
98
98
98
98
977
972
97
97
97
97
97
97
97
97
97
97
97
97
97
97
968
96
96
96
96
96
96
96
96
96
96
96
96
96
96
96
96
96
958
95
95
95
95
95
95
95
95
95
95
95
95
95
95
947
946
94
94
94
94
94
94
94
938
938
935
932
93
93
93
93
93
93
93
927
926
925
925
923
923
921
92
92
92
92
92
92
92
92
92
92
913
912
912
912
91
91
91
91
91
91
91
91
91
91
91
91
91
908
904
903
901
90
90
90
90
90
90
90
9
9
9
897
897
896
895
892
891
89
89
89
89
89
89
89
89
89
89
89
89
889
888
888
887
882
881
881
881
880
88
88
88
88
88
88
88
88
88
88
876
875
874
874
871
870
87
87
87
87
87
87
87
87
87
87
869
869
869
868
866
866
865
864
86
86
86
86
86
86
86
86
86
86
86
86
86
855
855
854
853
853
85
85
85
85
85
85
85
85
85
849
849
848
847
847
845
84
84
84
84
84
84
839
837
836
836
833
83
83
83
83
83
83
83
83
83
83
83
83
83
83
83
829
828
825
822
821
82
82
82
82
82
82
82
82
82
82
82
82
82
82
82
82
82
82
82
82
82
819
818
818
816
814
813
813
813
812
812
810
810
810
810
81
81
81
81
81
81
81
81
81
81
81
81
81
81
809
809
808
808
807
806
804
80
80
80
80
80
80
80
80
80
80
80
80
80
80
80
80
80
8
8
8
8
8
8
799
797
797
797
797
796
796
796
795
793
792
790
79
79
79
79
79
79
79
79
79
79
79
79
789
789
788
788
786
784
784
783
782
781
780
780
78
78
78
78
78
78
78
78
778
776
776
776
774
773
773
773
772
771
770
77
77
767
767
766
765
763
763
761
761
761
761
760
76
76
76
76
76
76
76
758
757
757
757
757
756
756
755
755
754
754
753
753
752
752
751
751
750
750
75
75
75
75
75
75
75
75
75
75
75
75
75
75
75
749
749
749
749
748
747
747
746
746
745
744
744
742
742
741
740
74
74
74
74
74
74
74
74
74
74
74
74
74
74
74
74
74
739
737
735
734
734
734
733
733
732
731
731
731
731
730
73
73
73
73
73
73
73
73
73
73
73
73
73
73
73
729
728
728
726
723
723
722
721
721
721
720
720
720
72
72
72
72
72
72
72
72
72
719
719
718
718
718
717
717
717
716
716
716
716
716
715
714
714
714
712
712
711
711
710
710
71
71
71
71
71
71
71
71
71
709
708
707
707
706
706
706
703
702
702
700
70
70
70
70
70
70
70
70
70
70
7
7
7
7
7
7
7
7
7
7
7
7
7
7
7
7
7
7
7
7
699
699
699
698
696
696
695
695
694
693
692
692
692
692
692
692
691
69
69
69
69
69
69
69
69
69
69
689
688
688
688
686
684
682
682
682
681
681
680
68
68
68
68
68
68
68
68
68
68
68
68
68
679
679
678
677
676
673
673
673
673
673
672
671
671
670
670
670
67
67
67
67
67
67
67
67
67
67
67
67
67
669
667
667
667
666
666
666
665
665
664
663
663
663
661
660
66
66
66
66
66
66
66
66
66
66
66
66
66
66
66
659
659
658
658
658
656
656
656
656
655
655
652
652
652
650
650
650
65
65
65
65
65
65
65
649
649
648
647
647
646
645
644
644
644
644
643
643
642
642
642
640
64
64
64
64
64
64
64
64
638
638
637
637
636
636
636
636
635
635
635
635
634
633
633
633
632
632
632
631
631
631
630
630
630
63
63
63
63
63
63
63
63
63
63
63
63
629
629
629
628
628
628
627
626
626
626
626
626
626
626
626
625
625
624
623
623
623
623
622
622
621
621
621
620
620
62
62
62
62
62
62
62
62
62
62
62
62
62
619
618
617
617
617
615
614
613
613
613
613
613
612
612
611
611
611
611
611
611
610
610
610
61
61
61
61
61
61
61
61
61
61
61
61
61
609
609
609
609
608
608
608
607
606
605
605
605
604
603
603
603
602
602
600
600
600
600
600
600
600
60
60
60
60
60
60
60
60
60
60
6
6
6
6
6
6
6
6
6
599
599
599
599
599
599
599
599
599
598
598
598
597
597
597
597
597
597
596
596
596
595
595
594
594
594
593
593
593
593
592
592
592
592
592
591
591
591
590
59
59
59
59
59
59
59
59
59
59
59
59
59
59
589
589
589
589
589
589
589
589
589
588
588
588
588
588
588
588
588
587
587
587
587
586
586
586
586
586
585
585
585
584
584
584
584
583
583
583
583
583
583
583
583
582
582
582
582
582
581
581
581
581
581
580
580
580
58
58
58
58
58
58
58
58
58
579
579
578
578
578
578
578
578
578
577
577
577
577
577
577
577
576
576
576
575
575
575
575
575
574
574
574
574
574
574
573
573
573
573
573
573
573
573
573
572
572
572
572
571
571
571
571
571
571
571
570
570
570
57
57
57
57
57
57
57
57
57
57
57
57
569
569
569
569
569
569
569
569
569
569
568
568
568
567
567
567
567
567
567
567
567
566
566
566
565
565
565
565
565
564
564
564
564
564
564
564
564
563
563
563
563
563
563
562
562
562
562
562
562
562
562
562
562
561
560
560
560
560
560
56
56
56
56
56
56
56
56
56
56
56
56
56
56
56
56
56
559
559
559
559
559
559
559
559
559
559
559
558
558
558
558
558
557
557
557
557
557
557
557
557
557
557
556
556
556
556
556
556
556
555
555
555
555
555
555
555
554
553
553
553
553
552
552
552
552
552
552
552
552
552
552
551
551
551
551
551
551
551
550
550
550
550
550
550
550
55
55
55
55
55
55
55
55
549
549
549
549
549
549
549
549
548
548
547
547
547
547
547
547
547
547
547
547
546
546
546
546
546
545
545
545
545
545
545
545
544
544
544
544
544
544
544
544
543
543
543
543
542
542
542
542
542
542
542
542
542
542
542
541
541
541
541
541
541
541
541
541
541
540
540
540
540
54
54
54
54
54
54
54
54
539
539
539
539
539
539
539
539
538
538
538
538
538
538
538
538
538
537
537
537
537
537
537
537
537
536
536
536
536
536
536
536
536
536
536
535
535
535
535
535
535
535
535
534
534
534
534
534
534
534
534
534
534
533
533
533
533
532
532
532
531
531
531
531
531
531
531
531
531
531
531
530
530
530
53
53
53
53
53
53
53
53
53
53
53
53
53
53
529
529
529
528
528
528
528
528
528
527
527
527
527
527
527
527
527
526
526
526
526
526
526
526
525
525
525
525
525
525
525
525
524
524
524
524
524
523
523
523
523
523
522
522
522
522
522
522
522
522
522
522
521
521
521
521
521
521
521
520
520
520
520
52
52
52
52
52
52
52
52
52
52
52
52
519
519
519
519
519
519
519
519
519
519
518
518
518
518
518
518
518
517
516
516
516
516
516
516
515
515
515
515
515
515
514
514
514
514
514
514
514
514
514
514
514
513
513
513
513
513
513
512
512
512
512
512
512
5110
5110
511
511
511
511
510
510
510
510
510
510
510
51
51
51
51
51
51
51
509
509
508
508
508
508
508
508
508
507
507
507
507
507
507
507
506
506
506
506
506
506
506
506
506
505
505
504
504
504
504
504
504
504
504
503
503
503
503
503
503
503
502
502
502
502
502
502
501
501
500
500
500
500
500
500
50
50
5
5
5
5
5
499
499
499
499
498
498
498
498
498
498
498
498
497
497
497
497
497
497
497
496
496
496
496
496
496
495
495
495
495
494
494
494
494
494
494
494
494
493
493
493
493
493
493
492
492
492
492
492
492
492
491
491
491
491
491
491
49
49
49
49
49
489
489
489
488
488
488
488
487
486
486
486
486
486
486
486
485
485
485
484
484
484
484
484
484
483
483
483
482
482
482
482
482
482
481
481
481
481
481
481
481
481
481
481
480
48
48
48
48
48
48
48
48
48
479
479
479
479
479
479
478
478
478
477
477
477
477
477
477
476
476
476
476
476
476
475
475
475
475
475
474
474
474
474
474
473
473
473
473
473
473
472
472
472
472
472
472
472
471
470
470
470
470
470
47
47
47
47
47
47
47
47
47
469
469
469
469
469
469
468
468
468
468
468
468
468
468
467
467
467
467
466
466
466
466
466
466
466
466
466
465
465
465
465
465
465
464
464
464
464
464
464
464
464
463
463
463
463
463
462
462
462
461
461
461
461
461
461
460
460
460
46
46
46
46
46
46
46
459
459
459
459
458
458
458
458
458
457
457
457
457
457
457
457
456
456
456
456
456
455
455
455
455
455
455
455
455
455
455
455
454
454
454
454
454
453
453
453
453
453
453
452
452
452
452
452
451
451
451
450
450
450
450
450
450
45
45
45
45
45
449
449
449
449
449
449
449
448
448
448
448
448
448
448
448
447
447
447
447
447
446
446
446
446
446
445
445
445
444
444
443
443
443
443
443
442
442
442
442
442
442
441
441
441
441
440
440
440
44
44
44
44
44
44
44
44
44
439
439
439
439
439
439
438
438
438
437
437
437
437
437
436
436
436
436
436
436
436
436
435
435
435
435
435
434
434
434
434
434
433
433
433
433
433
433
432
432
432
432
432
432
432
432
432
431
431
431
431
431
431
430
430
430
430
430
430
430
430
430
430
430
430
43
43
43
43
429
429
429
429
429
429
429
428
428
428
428
428
428
428
428
428
428
428
427
427
427
427
426
426
426
426
426
426
426
426
426
426
425
425
425
425
425
425
425
425
424
424
424
424
424
424
424
424
424
424
423
423
423
423
422
422
422
422
422
422
422
421
421
421
421
421
420
420
420
420
420
420
420
420
42
419
419
419
419
419
419
418
418
418
418
418
418
418
418
418
418
417
417
417
417
416
416
416
416
416
416
416
416
416
416
415
415
415
414
414
414
414
414
414
413
413
413
413
413
412
412
412
412
412
412
411
411
411
411
411
411
411
410
410
410
410
41
41
41
41
41
41
41
41
41
409
409
409
408
408
408
408
408
408
408
407
407
407
407
407
407
407
407
406
406
406
405
405
405
405
405
405
404
404
404
404
404
404
404
404
403
403
403
403
402
402
402
402
402
400
400
400
400
400
400
400
40
40
40
4
4
399
399
399
399
399
398
398
398
398
398
398
398
398
397
397
397
396
396
396
396
396
396
395
395
395
395
395
395
395
395
395
395
395
395
394
394
394
393
393
393
393
393
393
393
392
392
392
392
391
391
390
390
390
390
390
39
39
39
39
39
39
389
389
389
389
389
389
389
388
388
388
388
388
388
388
387
387
387
387
387
387
387
387
387
386
386
386
386
385
385
385
385
385
384
384
384
384
384
383
383
383
383
383
382
382
382
382
382
382
381
381
381
381
381
381
380
380
380
38
38
38
38
38
38
3791
379
379
379
378
378
378
378
378
378
377
377
377
376
376
376
376
376
376
376
376
376
375
375
375
375
375
375
375
375
375
375
374
374
374
374
374
373
373
373
373
373
373
373
373
373
372
372
372
371
371
371
371
371
371
371
370
370
370
370
370
37
37
37
37
37
37
369
369
369
368
368
368
368
368
368
368
368
367
367
367
366
366
366
366
366
366
366
365
365
365
365
365
364
364
364
363
363
363
363
363
363
363
363
362
361
361
361
361
360
360
360
360
360
360
360
360
360
360
360
36
359
359
358
358
358
358
358
358
358
358
358
357
357
357
357
357
357
357
357
356
356
356
356
356
356
356
356
355
355
355
355
355
355
355
355
355
355
3549
354
354
354
354
354
354
354
354
354
354
354
353
353
353
353
353
353
353
352
352
352
352
352
351
351
351
351
351
351
351
351
350
350
350
350
350
350
350
350
350
350
35
35
349
349
349
349
349
349
349
349
349
349
348
348
348
348
348
348
348
348
348
348
347
347
347
347
347
347
347
347
347
347
346
346
346
346
346
346
346
346
345
345
345
345
344
344
344
344
344
344
344
344
344
344
344
344
344
343
343
343
343
343
343
343
343
343
343
343
343
343
343
343
342
342
342
342
342
342
342
341
341
341
341
341
341
341
341
341
340
340
340
340
340
340
340
340
340
340
340
34
34
34
34
34
34
34
339
339
339
339
339
339
339
339
339
339
339
338
338
338
338
338
338
338
337
337
337
337
337
337
337
336
336
336
336
336
336
336
335
335
335
335
335
335
335
334
334
334
334
334
334
334
334
334
333
333
333
333
3323
332
332
332
332
332
332
331
331
331
331
331
331
330
330
330
330
330
330
330
33
33
329
329
329
329
329
329
329
329
329
329
329
329
328
328
328
328
328
328
328
328
328
328
328
328
328
328
328
327
327
327
327
327
327
327
326
326
326
326
326
326
326
326
326
326
326
325
325
325
325
325
325
325
325
324
324
324
324
324
324
324
324
323
323
323
323
322
322
322
322
321
321
321
320
320
320
320
320
32
32
32
32
319
319
319
319
319
319
319
319
319
318
318
318
318
318
318
318
317
317
317
317
317
317
316
316
316
316
316
316
316
315
315
315
315
315
315
314
314
314
314
314
314
313
313
313
313
313
313
313
313
313
312
312
312
312
311
311
311
311
310
310
310
310
31
31
31
31
31
31
309
309
309
309
309
309
308
308
308
307
307
307
307
307
307
307
306
306
306
306
306
306
305
305
305
305
305
305
304
303
303
303
303
302
302
302
302
302
302
302
301
301
301
301
301
301
301
301
301
301
301
300
300
300
300
300
300
300
300
300
30
30
30
30
30
3
3
3
299
299
299
299
299
298
298
298
298
297
297
297
297
297
297
297
296
296
296
296
296
296
295
295
295
295
294
294
294
294
294
294
293
293
293
293
293
293
293
292
292
292
292
292
292
292
291
291
291
291
291
291
290
290
290
290
290
290
290
290
290
290
290
290
29
29
29
29
29
29
29
29
289
289
289
289
289
289
2883
288
288
288
2872
287
287
287
287
287
286
286
285
285
285
285
285
285
284
284
284
284
284
284
284
284
284
284
283
283
283
283
283
283
283
282
282
281
281
281
281
281
281
281
281
280
280
28
28
28
28
28
28
279
279
279
279
278
278
278
278
278
278
278
278
277
277
277
277
2763
276
276
276
276
276
275
275
275
275
275
275
275
274
274
274
274
273
273
273
273
272
272
272
272
271
271
271
271
271
271
271
270
270
270
270
270
270
27
27
27
27
27
27
27
27
27
27
27
27
27
27
27
269
269
269
269
269
269
269
269
269
268
268
268
268
268
268
268
267
267
267
267
267
267
267
267
267
266
266
266
266
266
266
266
266
265
265
265
265
265
265
265
265
265
265
265
264
264
264
264
264
264
263
263
263
263
263
263
263
262
262
262
262
262
262
262
261
261
261
261
261
261
261
261
261
260
260
260
260
260
260
260
260
260
260
26
26
259
259
259
259
258
258
258
258
258
258
258
258
258
258
258
257
257
257
257
257
257
257
257
256
256
256
256
256
256
256
255
255
255
255
255
255
255
254
254
254
254
254
254
254
254
254
253
253
253
253
252
252
252
252
252
252
252
251
251
251
251
251
251
250
250
250
250
250
250
250
250
250
250
25
25
25
25
25
2491
2490
249
249
249
249
249
249
249
249
248
248
247
247
247
247
247
247
247
247
247
247
247
247
247
246
246
246
246
246
246
246
246
246
246
246
245
245
245
245
245
245
244
244
244
244
243
243
243
243
2426
242
242
242
242
242
242
242
242
242
242
241
241
241
241
241
241
241
241
241
241
241
241
240
240
240
240
240
240
24
24
24
24
239
239
239
239
239
239
239
238
238
238
238
238
238
237
237
237
2364
236
236
236
236
236
236
236
236
236
2356
235
235
235
235
235
235
235
235
234
234
234
234
234
234
234
234
234
233
233
233
233
233
232
232
232
232
232
2312
231
231
231
231
231
231
231
231
231
231
231
230
230
230
230
230
230
23
23
23
23
23
229
229
229
229
229
229
229
229
229
228
228
228
228
228
228
228
228
228
228
228
228
228
2270
227
227
227
227
227
226
226
226
226
226
226
226
226
226
226
226
225
225
225
225
225
225
225
225
225
225
224
224
224
224
223
223
223
223
223
223
223
222
222
222
222
222
222
221
221
221
221
221
221
221
220
220
220
220
220
220
220
220
220
22
22
22
22
22
22
22
219
219
219
219
219
219
218
217
217
2169
216
216
216
216
216
216
216
216
215
215
215
215
2140
214
214
214
2132
213
213
212
212
212
212
212
212
212
211
211
211
211
211
211
2109
2108
210
210
210
210
210
210
210
210
210
210
21
21
21
21
21
209
209
209
209
209
209
209
209
208
208
208
208
208
208
208
208
208
207
207
207
207
207
207
207
2064
206
206
206
206
206
206
206
206
206
206
206
206
206
206
206
206
206
205
205
205
205
205
204
204
204
204
204
204
204
204
204
204
203
203
203
203
203
203
203
2028
202
202
202
202
202
202
202
201
201
201
201
201
201
201
201
201
201
201
201
201
200
200
200
200
200
200
200
200
200
20
20
20
20
20
20
2
2
2
2
2
1991
199
199
199
199
199
199
199
199
199
199
199
198
198
198
198
1975
197
197
197
197
197
1962
196
196
196
196
196
196
196
196
196
196
196
196
196
196
196
196
196
196
196
196
196
196
196
195
195
195
195
195
195
195
1941
1940
194
194
194
194
194
194
194
194
194
193
193
193
193
193
192
192
192
192
192
192
192
192
192
192
192
192
1916
191
191
191
191
191
191
191
191
191
191
190
190
190
190
190
190
190
190
190
190
190
190
19
1895
189
189
189
189
189
189
189
189
189
1884
188
188
188
188
188
188
1875
1873
1872
187
187
187
187
187
187
186
186
186
186
186
186
186
186
186
1858
185
185
185
185
185
185
184
184
184
184
184
1836
1834
183
183
183
183
183
183
182
182
182
182
182
182
182
181
181
181
181
181
181
181
180
180
180
180
180
180
180
18
18
18
179
179
179
179
179
179
179
179
179
178
178
178
178
178
178
178
178
178
178
178
178
178
178
178
177
177
177
177
177
177
177
176
176
176
176
176
176
176
176
176
176
176
175
175
175
175
175
175
175
175
175
175
174
174
174
174
174
174
174
174
174
173
173
173
173
173
173
173
1724
172
172
172
172
172
172
172
172
172
172
172
171
171
171
171
171
171
171
171
171
171
171
171
171
171
170
170
170
170
170
170
170
170
170
170
170
170
170
17
17
17
17
17
17
17
169
169
169
169
169
169
168
168
168
168
168
168
168
168
168
168
167
167
167
167
167
167
167
167
167
167
167
167
167
1666
166
166
166
166
166
166
166
166
166
166
165
165
165
165
165
165
165
165
165
165
164
164
164
164
164
164
164
164
164
164
164
163
163
163
163
163
163
163
163
163
163
163
163
163
163
163
1625
162
162
162
162
162
162
162
162
162
161
161
161
161
161
161
161
161
161
161
161
161
1602
160
160
160
160
160
160
160
160
16
16
16
16
16
16
159
159
159
159
159
159
159
159
159
158
158
158
158
158
158
158
158
1579
157
157
157
157
157
157
157
157
156
156
156
156
156
156
156
156
156
1551
155
155
155
155
155
155
154
154
154
154
154
154
154
154
154
153
153
153
153
153
153
153
153
153
153
153
153
153
1520
152
152
152
152
152
152
152
152
151
151
151
151
151
150
150
150
150
150
150
150
150
150
150
15
15
15
1498
149
149
149
149
149
149
149
149
1482
148
148
148
148
148
148
148
148
1475
147
147
147
147
147
147
147
1466
146
146
146
146
146
146
1454
145
145
145
145
145
145
145
145
145
145
1449
144
144
144
144
144
144
144
144
144
144
144
143
143
143
143
143
143
143
143
142
142
142
142
142
142
142
142
142
142
1419
141
141
141
141
141
141
141
141
141
141
141
141
141
141
141
1407
140
140
140
140
140
140
140
140
14
14
1393
139
139
139
139
139
139
139
139
139
139
139
139
139
1389
1380
138
138
138
138
138
138
138
1378
1371
137
137
137
137
137
1367
136
136
136
135
135
135
135
135
135
135
135
135
135
135
135
135
1343
134
134
134
134
134
134
1331
133
133
133
133
133
133
133
133
133
133
132
132
132
132
132
132
132
132
1317
1312
131
131
131
131
131
131
131
131
131
131
130
130
130
130
130
130
130
130
130
130
130
130
130
130
130
13
13
13
13
13
13
1293
1291
1290
129
129
129
129
129
129
129
129
129
129
129
129
129
129
1281
128
128
128
128
128
128
128
128
1273
1271
127
127
127
127
127
127
127
127
1262
1260
126
126
126
126
126
125
125
125
125
125
125
125
125
125
125
125
125
125
124
124
124
1234
123
123
123
123
123
123
123
1225
122
122
122
122
122
122
122
122
122
122
1217
1215
121
121
121
121
121
120
120
120
120
120
120
120
120
12
12
12
12
12
12
12
12
12
12
119
119
119
119
119
119
119
119
119
119
119
119
1183
1183
118
118
118
118
118
118
118
118
118
118
1174
117
117
117
117
117
117
117
117
117
117
1160
116
116
116
116
116
116
115
115
115
115
115
115
115
115
114
114
114
114
114
114
114
114
114
114
114
114
114
114
114
114
1130
113
113
113
113
113
113
113
113
113
113
113
113
112
112
112
112
112
112
112
112
112
112
112
112
1113
1111
111
111
111
111
111
1106
1106
110
110
110
110
110
110
110
110
11
11
1094
109
109
109
108
108
108
108
108
108
108
108
107
107
107
107
107
107
107
107
107
107
107
107
106
106
106
106
106
106
106
106
106
106
106
1056
1056
1052
1052
1051
105
105
105
105
105
105
105
105
105
105
105
105
1049
1046
1046
104
104
104
104
104
104
104
104
104
104
104
104
1039
1037
1034
1034
1030
103
103
103
103
103
103
103
103
103
103
103
1028
1028
1027
1024
102
102
102
102
102
102
102
102
102
102
1017
1011
101
101
101
101
101
101
101
101
101
101
101
101
101
1009
100
100
100
100
100
10
10
10
10
10
1
1
1
1
1
1
1
1
1
1
1
0
0
0
0
0
0
0
0
0
0
0
0
0
0
0
0
0
0
0
0
0
0
0
0
0
0
0
0
0
0
0
0
0
0
0
0
0
0
0
0
0
0
0
0
0
0
0
0
0
0
0
0
0
0
0
0
0
0
0
0
0
0
0
0
0
0
0
0
0
0
0
0
0
0
0
0
0
0
0
0
0
0
0
0
0
0
0
0
0
0
0
0
0
0
0
0
0
0
0
