126
97
157
13
3
3
321
131
5
1318
189
72
103
102
17
97
97
317
110
89
85
192
22
22
18
423
1
84
43
1
203
94
159
159
159
13
266
160
97
495
97
97
97
97
97
97
13
266
97
97
97
97
99
102
30
43
605
13
113
113
113
129
52
98
98
106
71
56
19
131
0
76
124
159
159
159
159
127
11
47
122
97
97
97
97
97
97
83
119
124
309
129
99
99
99
20
31
495
14
113
97
11
74
102
102
102
76
100
159
110
124
159
85
12
151
146
146
97
97
97
97
97
97
97
13
2497
97
97
97
97
163
163
163
84
320
46
60
52
97
110
162
112
162
97
110
124
19
109
145
97
97
97
99
17
163
163
163
105
128
126
3164
0
45
97
97
97
97
100
169
23
1
97
97
97
97
97
97
97
97
112
221
97
130
149
163
70
1
2172
46
44
183
224
177
19
97
106
41
19
97
97
236
221
97
163
192
70
2643
2002
109
75
121
27
782
64
190
32
27
384
598
47
76
52
50
75
9
104
813
97
108
74
2556
58
55
37
39
107
127
799
36
93
178
68
764
62
373
373
173
373
60
98
11
31
193
764
764
764
32
205
255
246
826
132
170
55
55
809
234
763
139
59
61
61
57
949
949
949
949
949
271
192
124
138
159
193
788
93
151
98
59
112
246
109
401
207
17
13
1
116
109
34
25
1
81
81
25
437
72
227
40
139
229
267
66
47
97
95
415
373
373
31
232
88
97
1557
97
97
80
133
149
40
342
143
2805
83
75
206
31
249
66
1134
51
97
97
169
154
284
185
97
97
241
138
82
372
52
30
1
97
40
180
60
60
108
94
43
97
102
121
97
185
97
97
97
97
123
27
30
152
63
42
170
439
179
76
81
135
337
29
138
97
62
170
105
56
None
804
327
120
347
49
135
117
222
117
52
370
26
852
298
746
49
128
99
79
21
993
211
212
111
779
779
45
105
34
75
788
204
204
400
993
993
778
820
820
47
134
145
216
217
217
400
47
746
778
145
145
915
169
215
26
744
216
215
789
993
56
82
820
134
727
378
375
375
105
105
105
746
232
18
143
53
746
863
789
123
105
105
105
105
105
88
69
727
746
104
104
125
125
125
125
125
12
993
91
746
746
112
112
768
768
2
51
52
330
330
67
456
330
67
456
146
130
67
52
456
12
1321
293
48
105
105
25
232
746
112
788
768
83
1
1
387
387
125
125
763
55
84
32
403
306
126
293
5
4
66
16
63
863
769
769
769
403
306
6
365
127
128
166
51
127
127
127
306
501
769
769
7
204
820
92
5
125
232
270
97
97
768
79
397
817
88
53
57
126
125
125
71
2212
6
28
48
40
36
535
385
97
97
746
100
101
101
101
85
113
105
105
76
250
326
405
None
113
535
43
139
777
97
97
746
746
746
763
105
801
143
240
322
232
97
97
97
746
101
557
54
4
53
97
97
97
97
747
186
186
89
78
101
104
788
93
191
55
37
99
119
156
156
51
104
156
97
97
97
97
116
134
93
104
2
60
772
150
153
150
148
97
97
330
108
108
74
170
150
264
97
97
97
97
88
63
63
66
764
122
97
97
97
97
97
97
97
63
69
15
150
91
212
200
227
15
73
73
None
229
116
83
83
212
27
31
83
83
85
79
40
104
85
64
64
66
66
69
846
762
284
192
95
85
76
75
84
84
84
324
90
128
88
80
230
92
92
86
72
80
154
141
113
168
141
130
130
130
130
130
141
141
141
141
58
141
141
141
141
141
141
141
141
141
141
332
92
141
74
229
141
284
14
95
81
70
90
124
74
232
15
25
76
76
76
86
216
72
139
24
79
79
86
86
85
74
75
90
34
497
83
81
78
80
88
128
128
69
94
100
121
141
141
141
141
141
141
7
130
130
8
94
74
5
128
158
647
3
80
86
63
85
10
63
288
130
130
130
130
130
82
162
82
None
130
17
80
88
88
87
81
247
155
876
143
876
46
130
130
130
130
130
130
71
141
51
141
876
85
150
68
34
93
744
744
67
162
86
74
141
127
None
512
512
132
107
105
104
16
130
210
210
53
688
688
876
210
86
130
11
107
162
65
96
96
96
96
96
96
72
21
74
132
93
1926
75
75
75
132
107
62
12
132
210
85
63
71
141
130
130
182
96
10
876
162
876
85
59
38
75
132
132
876
14
132
141
144
30
65
65
74
876
130
130
10
130
876
119
219
74
65
179
179
179
179
23
115
876
74
74
876
876
876
356
75
876
15
876
113
74
118
876
876
162
162
876
73
105
8
78
98
876
130
130
130
130
130
None
224
23
76
113
121
121
121
121
65
65
197
166
10
876
117
191
77
58
75
132
90
876
3205
8
82
150
87
210
77
876
876
876
876
876
143
32
127
92
861
138
194
183
130
54
54
388
54
54
71
57
57
86
130
115
130
87
155
69
69
30
None
27
14
547
130
130
87
246
90
0
78
351
46
71
None
None
97
115
142
744
36
119
351
149
159
238
97
34
30
92
414
74
435
265
66
131
35
301
213
164
128
197
84
170
74
849
72
864
86
744
744
744
744
52
38
87
130
130
130
85
109
83
83
876
84
876
864
149
735
162
162
162
162
93
143
53
876
116
26
441
36
788
94
762
72
1441
137
1458
40
666
87
86
822
None
876
101
0
149
876
869
92
87
46
806
745
0
31
130
25
876
876
87
115
94
822
488
106
31
38
8
130
92
102
745
63
0
84
876
876
24
62
130
152
107
87
115
815
822
15
15
130
66
768
87
815
822
99
22
842
129
0
84
87
62
227
207
115
15
22
776
822
101
15
819
135
819
768
768
15
831
876
132
80
768
814
93
876
218
100
101
100
765
743
876
113
113
142
799
101
80
876
876
113
113
113
768
768
150
164
876
289
100
111
121
97
29
160
197
11
20
82
0
27
89
115
822
822
822
822
478
30
273
822
111
15
97
108
98
90
90
201
0
15
89
155
104
17
132
105
843
385
13
384
52
89
132
822
111
223
33
97
87
135
74
92
104
139
324
808
148
73
92
88
102
88
128
128
2
3
97
288
39
152
317
449
10
74
89
92
778
807
822
94
94
104
30
28
74
92
19
76
90
876
74
73
73
92
82
144
143
148
144
144
333
24
110
90
247
11
89
86
131
131
131
131
246
106
74
452
143
452
123
123
822
None
97
175
110
110
90
34
74
876
87
23
23
23
23
86
86
123
28
33
799
258
59
59
139
106
106
106
82
132
6
89
15
13
13
13
13
40
90
90
3557
13
105
105
105
23
734
104
104
104
104
87
83
105
110
102
93
13
89
49
227
48
215
11
63
88
55
809
64
267
57
109
92
92
211
156
165
148
61
67
65
75
74
814
24
76
109
109
79
876
106
106
876
876
87
265
119
109
24
25
25
876
876
109
109
109
109
76
24
236
83
83
100
397
97
221
94
25
171
105
92
92
128
25
159
24
162
None
17
86
876
840
157
74
22
85
24
24
106
71
123
71
None
100
27
10
10
876
876
876
65
85
71
None
12
194
258
444
445
443
443
None
10
33
71
12
106
734
257
257
235
235
49
184
160
129
876
129
840
758
758
758
61
74
112
168
876
876
734
734
97
97
75
75
None
876
172
876
89
89
734
6
97
97
183
127
151
175
26
26
876
123
14
102
27
27
74
235
264
737
150
993
30
94
838
97
97
97
97
79
197
121
204
89
96
876
1721
127
876
197
490
65
14
13
252
252
252
252
252
258
113
34
5
252
252
252
252
97
92
108
108
127
120
252
252
252
252
252
245
131
131
341
62
2
120
252
1721
214
106
121
None
16
108
252
252
130
876
None
876
162
27
117
117
138
177
163
130
272
63
63
105
97
97
97
35
63
127
119
69
876
258
175
81
110
12
10
75
173
165
145
None
None
4
108
8
103
103
14
108
447
143
None
None
100
None
None
109
100
100
110
225
876
110
10
9
410
114
10
132
82
383
842
72
97
127
876
876
876
876
876
72
72
146
97
876
876
876
146
7
72
10
97
97
64
876
197
876
158
167
160
155
161
132
157
131
472
101
123
143
876
876
876
876
876
876
876
184
101
20
105
119
97
97
75
115
115
127
86
144
66
66
875
72
132
35
263
876
876
343
157
876
876
875
875
876
876
876
876
876
135
875
97
116
147
257
876
122
122
72
72
86
168
72
72
6
None
876
876
876
876
876
86
72
876
876
876
876
876
86
86
86
72
15
875
94
94
94
92
876
297
876
252
876
168
136
108
314
108
57
876
237
65
104
101
23
75
876
876
76
876
97
97
876
110
112
130
103
112
132
876
876
876
72
72
138
130
876
58
31
11
10
876
876
876
876
876
132
112
47
89
876
82
83
82
81
81
110
85
85
45
89
105
876
876
108
876
876
876
876
16
313
876
112
320
97
97
97
97
97
97
97
133
876
89
876
876
174
111
876
876
123
123
100
112
143
143
876
101
76
82
132
876
876
253
143
876
876
876
876
25
96
72
111
876
53
180
94
180
876
876
876
876
876
216
9
53
876
143
143
65
65
876
876
96
96
81
16
7
123
876
876
72
72
72
83
201
123
123
85
97
112
97
97
97
97
97
97
97
97
257
80
876
71
71
85
876
122
876
876
876
91
876
2
143
93
180
118
96
81
106
106
85
36
83
876
876
16
97
97
97
83
138
18
81
109
27
312
130
130
132
20
93
148
34
111
635
96
116
36
9
97
97
32
22
106
876
876
876
37
268
6
349
4
283
89
150
14
305
7
180
149
180
180
180
183
134
86
146
16
21
20
15
14
256
20
20
146
101
295
93
93
93
9
10
7
10
180
180
18
93
6
6
6
104
116
20
342
120
305
34
72
334
21
125
6
81
395
23
15
120
212
120
180
180
180
180
180
138
138
295
295
92
106
6
120
212
85
120
305
305
305
180
121
15
4
80
97
147
467
344
6
6
295
121
15
2
98
111
152
4
236
None
212
None
84
135
180
130
294
130
121
121
294
294
142
95
295
6
6
72
6
6
236
167
305
1
113
161
161
161
48
294
136
161
2
467
247
166
26
10
63
161
295
59
294
294
71
54
44
47
4
161
18
77
141
305
161
161
161
161
161
20
71
18
96
47
18
50
1168
54
54
54
94
44
18
14
89
47
47
54
42
25
161
206
50
161
161
53
50
53
18
18
18
10
78
54
467
467
6
54
41
115
83
161
161
71
54
54
53
47
53
56
53
42
18
467
94
50
47
47
47
54
50
15
22
57236
57236
124
54
591
17
74
18
39
53
15
40
41
52
212129
379
54
54
54
54
54
50
300
238
256
10
102
102
382
120
180
54
54
54
199
517
78
304
31247
11864
24849
304
379
379
50
50
50
87
16724
44
19
17
17
49
370
20738
15304
13427
10
17
206
285
285
137
71
49
763
17
17
82
279
300
279
248
22
148
106
102
128
130
178
16
15
15
15
15
15
525
506
382
379
261
379
18
11
25
16
18
142
19
38
25388
64
22
69
173
191
468
52
22071
26173
126
164
125
52
52
117
96
71
53
20
109
23320
52
77
52
120
71
105
4
18
127
94
94
86
266
285
272
14
86
22
25
16579
175
182
53
15
114
109
71
49
18
21
15
11
30
15
15
36
13274
27
28
96
17
372
23211
123
123
123
21
166
96
87
123
128
128
128
128
128
63
20
7
181
103
77
283
103
103
107
17
302
26
30
120
94
296
115
60
143
162
103
71
34
127
95
122
111
141
7
162
452
71
325
4
58
109
70
53
30
71
259
142
66
59
737
301
4
4
103
458
81
231
74
179
110
58
143
195
110
48
157
96
68
38
40
103
266
37
50
86
50
114
110
110
4
95
132
69
11
8
4
440
230
58
81
449
68
290
37
169
252
212
18
15
10
11
11
229
78
41
53
10
21
28
82
286
55
167
None
31
45
142
307
641
28
268
335
182
24
11
184
189
154
19
427
154
17
165
258
82
427
78
213
184
189
184
50
27
26
82
125
23
24
181
1
77
100
24
134
30
264
14
14
7
115
11
173
687
8
108
12
30
14
106
105
118
5
65
23
115
88
121
45
134
83
19
42
31
5
132
11
141
142
122
142
21
5
20
21
169
108
5
37
3
52
43
8
14
82
5
123
1
200
263
11
14
275
43
188
161
132
4
412
265
177
34
128
19
191
291
263
222
263
27
220
185
28
10
639
321
72
76
76
72
296
21
132
76
28
76
174
136
4
111
30
137
123
59
25
85
238
26
130
30
57
125
170
85
169
239
2
233
355
86
136
31
39
23
298
311
44
109
130
165
23
136
13
100
124
8
88
239
183
353
121
73
239
58
128
10
10
100
8
123
154
52
375
24
100
80
159
4
100
61
52
1
111
323
323
26
197
200
45
17
203
14
10
55
485
100
173
173
173
320
88
9
36
10
64
220
95
967
100
130
155
454
155
2
10
155
108
60
183
164
100
57
149
242
138
118
76
80
47
107
327
242
23
13
278
81
278
76
54
53
60
128
68
72
50
575
62
11
11
651
267
130
116
58
150
5
10
128
93
0
19
12
458
52
39
57
65
120
130
130
0
130
130
130
130
130
130
386
207
653
99
1
100
99
5
5
222
599
81
104
181
53
118
57
67
40
207
120
51
12
76
16
3
0
107
14
61
373
181
180
100
96
98
181
97
181
181
100
14
146
130
6
39
35
424
26
256
181
178
396
34
62
21
20
170
171
1
46
82
188
71
177
37
19
167
180
71
66
235
300
53
278
15
178
180
84
66
253
88
244
180
53
382
93
195
180
17
100
37
83
418
114
130
180
0
17
74
74
69
180
297
123
178
54
130
172
72
74
4
179
91
77
516
91
171
32
30
209
130
90
64
58
90
509
54
2318
2104
139
75
189
64
177
65
72
10
74
53
68
171
43
50
61
43
64
169
488
72
76
128
45
39
64
76
94
45
46
85
100
18
223
126
64
1
115
20
247
208
607
212
90
2
92
37
35
0
133
2
523
125
523
62
66
78
418
133
2
2
285
282
29
275
3
133
280
283
133
90
133
74
133
305
92
2
290
133
277
77
133
5704
133
282
73
86
133
68
8087
133
133
74
48
130
68
133
592
90
68
108
57
6678
56
92
35
5056
107
600
36
98
2
90
21
115
56
70
2
125
86
85
7
90
52
6844
2
127
55
88
1
65
1
1
1
89
1
3
1
14
6
66
81
1
6
101
1
1
3
101
89
325
1
163
292
269
173
101
9
87
1
287
122
65
60
97
97
50
48
92
1
97
97
1
131
66
27
241
9
41
416
98
36
330
140
99
224
62
66
294
2
87
17
159
159
127
77
126
81
97
97
97
97
97
97
97
97
97
97
5
97
97
97
99
4
4
65
33
0
111
29
56
35
35
52
131
490
141
125
348
76
76
138
3
182
2308
52
274
1
14
84
103
63
159
159
159
159
159
1889
219
97
4
97
1
97
97
97
97
97
97
97
97
30
97
102
97
326
329
62
56
162
118
98
37
37
22
276
131
98
141
41
114
97
97
50
1259
118
192
1
119
25
97
97
97
97
80
118
180
